1
6
-1 3 -1 -1 -1 -1
15
-1 -1 -1 -1 -1 -1 -1 -1 -1 -1 8 -1 -1 -1 -1
39
33 -1 -1 13 -1 28 -1 33 -1 29 -1 -1 -1 -1 -1 -1 -1 -1 11 -1 -1 32 -1 29 -1 -1 -1 -1 -1 -1 28 -1 -1 -1 23 -1 -1 20 -1
33
13 -1 4 -1 -1 -1 0 -1 -1 -1 -1 -1 -1 9 -1 -1 -1 -1 23 -1 -1 -1 -1 -1 16 -1 -1 -1 -1 -1 -1 -1 -1
23
-1 -1 19 -1 21 -1 -1 -1 -1 -1 -1 -1 11 11 2 15 -1 -1 -1 19 -1 -1 8
9
-1 -1 -1 -1 -1 -1 -1 -1 2
16
5 -1 -1 -1 -1 2 -1 -1 -1 -1 -1 -1 -1 -1 -1 -1
16
-1 7 -1 -1 14 5 -1 -1 -1 -1 -1 -1 -1 -1 -1 -1
28
14 7 10 -1 -1 17 -1 -1 -1 -1 -1 17 -1 5 -1 6 -1 20 26 -1 -1 -1 -1 -1 25 21 -1 -1
40
-1 32 -1 -1 -1 -1 -1 37 -1 -1 37 -1 -1 -1 11 -1 -1 -1 -1 19 -1 -1 14 -1 14 -1 -1 12 -1 -1 -1 -1 -1 27 -1 -1 37 31 -1 -1
35
-1 4 -1 24 -1 -1 -1 -1 32 -1 17 -1 -1 5 -1 -1 -1 -1 -1 14 33 7 24 -1 -1 -1 4 27 -1 -1 23 -1 -1 10 -1
38
-1 -1 -1 -1 -1 -1 -1 0 -1 -1 -1 -1 -1 -1 17 -1 14 -1 6 -1 -1 -1 16 -1 -1 0 -1 -1 -1 -1 -1 10 37 -1 -1 -1 8 -1
2
-1 -1
28
-1 27 -1 -1 5 -1 17 -1 13 -1 7 13 -1 9 -1 9 16 -1 -1 -1 -1 10 -1 19 -1 -1 -1 -1
30
-1 -1 6 24 -1 24 -1 13 25 -1 -1 -1 -1 22 23 -1 -1 -1 -1 -1 -1 -1 22 -1 11 -1 27 5 -1 5
11
-1 -1 -1 -1 -1 -1 -1 4 -1 -1 -1
34
-1 -1 -1 -1 31 -1 -1 1 10 -1 -1 -1 12 -1 27 -1 2 -1 22 18 -1 -1 0 -1 -1 -1 17 -1 -1 -1 -1 -1 -1 -1
9
-1 -1 -1 3 -1 3 -1 -1 -1
17
3 -1 16 -1 -1 -1 1 -1 11 -1 7 -1 -1 -1 -1 6 -1
23
15 13 22 -1 8 4 -1 -1 -1 0 6 5 -1 -1 -1 -1 -1 -1 10 5 -1 14 1
