[[[4], [1, 2, 3, 4, 5, 6, 7, 8, 9], [1, 2, 3, 4, 5, 6, 7, 8, 9], [1, 2, 3, 4, 5, 6, 7, 8, 9], [1, 2, 3, 4, 5, 6, 7, 8, 9], [1, 2, 3, 4, 5, 6, 7, 8, 9], [8], [1, 2, 3, 4, 5, 6, 7, 8, 9], [5]], [[1, 2, 3, 4, 5, 6, 7, 8, 9], [3], [1, 2, 3, 4, 5, 6, 7, 8, 9], [1, 2, 3, 4, 5, 6, 7, 8, 9], [1, 2, 3, 4, 5, 6, 7, 8, 9], [1, 2, 3, 4, 5, 6, 7, 8, 9], [1, 2, 3, 4, 5, 6, 7, 8, 9], [1, 2, 3, 4, 5, 6, 7, 8, 9], [1, 2, 3, 4, 5, 6, 7, 8, 9]], [[1, 2, 3, 4, 5, 6, 7, 8, 9], [1, 2, 3, 4, 5, 6, 7, 8, 9], [1, 2, 3, 4, 5, 6, 7, 8, 9], [7], [1, 2, 3, 4, 5, 6, 7, 8, 9], [1, 2, 3, 4, 5, 6, 7, 8, 9], [1, 2, 3, 4, 5, 6, 7, 8, 9], [1, 2, 3, 4, 5, 6, 7, 8, 9], [1, 2, 3, 4, 5, 6, 7, 8, 9]], [[1, 2, 3, 4, 5, 6, 7, 8, 9], [2], [1, 2, 3, 4, 5, 6, 7, 8, 9], [1, 2, 3, 4, 5, 6, 7, 8, 9], [1, 2, 3, 4, 5, 6, 7, 8, 9], [1, 2, 3, 4, 5, 6, 7, 8, 9], [1, 2, 3, 4, 5, 6, 7, 8, 9], [6], [1, 2, 3, 4, 5, 6, 7, 8, 9]], [[1, 2, 3, 4, 5, 6, 7, 8, 9], [1, 2, 3, 4, 5, 6, 7, 8, 9], [1, 2, 3, 4, 5, 6, 7, 8, 9], [1, 2, 3, 4, 5, 6, 7, 8, 9], [8], [1, 2, 3, 4, 5, 6, 7, 8, 9], [4], [1, 2, 3, 4, 5, 6, 7, 8, 9], [1, 2, 3, 4, 5, 6, 7, 8, 9]], [[1, 2, 3, 4, 5, 6, 7, 8, 9], [1, 2, 3, 4, 5, 6, 7, 8, 9], [1, 2, 3, 4, 5, 6, 7, 8, 9], [1, 2, 3, 4, 5, 6, 7, 8, 9], [1], [1, 2, 3, 4, 5, 6, 7, 8, 9], [1, 2, 3, 4, 5, 6, 7, 8, 9], [1, 2, 3, 4, 5, 6, 7, 8, 9], [1, 2, 3, 4, 5, 6, 7, 8, 9]], [[1, 2, 3, 4, 5, 6, 7, 8, 9], [1, 2, 3, 4, 5, 6, 7, 8, 9], [1, 2, 3, 4, 5, 6, 7, 8, 9], [6], [1, 2, 3, 4, 5, 6, 7, 8, 9], [3], [1, 2, 3, 4, 5, 6, 7, 8, 9], [7], [1, 2, 3, 4, 5, 6, 7, 8, 9]], [[5], [1, 2, 3, 4, 5, 6, 7, 8, 9], [1, 2, 3, 4, 5, 6, 7, 8, 9], [2], [1, 2, 3, 4, 5, 6, 7, 8, 9], [1, 2, 3, 4, 5, 6, 7, 8, 9], [1, 2, 3, 4, 5, 6, 7, 8, 9], [1, 2, 3, 4, 5, 6, 7, 8, 9], [1, 2, 3, 4, 5, 6, 7, 8, 9]], [[1], [1, 2, 3, 4, 5, 6, 7, 8, 9], [4], [1, 2, 3, 4, 5, 6, 7, 8, 9], [1, 2, 3, 4, 5, 6, 7, 8, 9], [1, 2, 3, 4, 5, 6, 7, 8, 9], [1, 2, 3, 4, 5, 6, 7, 8, 9], [1, 2, 3, 4, 5, 6, 7, 8, 9], [1, 2, 3, 4, 5, 6, 7, 8, 9]]]
9 1 [1, 2, 3, 4, 5, 6, 7, 8, 9]
assigning  1  to  1
noo changes
[[[4], [1], [7], [3, 9], [2, 3, 6, 9], [2, 6, 9], [8], [2, 3, 9], [5]], [[2, 6, 8, 9], [3], [2, 5, 6, 8, 9], [1, 4, 5, 8, 9], [2, 4, 5, 6, 9], [1, 2, 4, 5, 6, 8, 9], [1, 2, 6, 7, 9], [1, 2, 4, 9], [1, 2, 4, 6, 7, 9]], [[2, 6, 8, 9], [5, 6, 8, 9], [2, 5, 6, 8, 9], [7], [2, 3, 4, 5, 6, 9], [1, 2, 4, 5, 6, 8, 9], [1, 2, 3, 6, 9], [1, 2, 3, 4, 9], [1, 2, 3, 4, 6, 9]], [[3, 7, 8, 9], [2], [1, 3, 5, 8, 9], [3, 4, 5, 9], [3, 4, 5, 7, 9], [4, 5, 7, 9], [1, 3, 5, 7, 9], [6], [1, 3, 7, 8, 9]], [[3, 6, 7, 9], [5, 6, 7, 9], [1, 3, 5, 6, 9], [3, 5, 9], [8], [2, 5, 6, 7, 9], [4], [1, 2, 3, 5, 9], [1, 2, 3, 7, 9]], [[3, 6, 7, 8, 9], [4, 5, 6, 7, 8, 9], [3, 5, 6, 8, 9], [3, 4, 5, 9], [1], [2, 4, 5, 6, 7, 9], [2, 3, 5, 7, 9], [2, 3, 5, 8, 9], [2, 3, 7, 8, 9]], [[2, 8, 9], [8, 9], [2, 8, 9], [6], [4, 5, 9], [3], [1, 2, 5, 9], [7], [1, 2, 4, 8, 9]], [[5], [6, 7, 8, 9], [3, 6, 8, 9], [2], [4, 7, 9], [1, 4, 7, 8, 9], [1, 3, 6, 9], [1, 3, 4, 8, 9], [1, 3, 4, 6, 8, 9]], [[1], [6, 7, 8, 9], [4], [5, 8, 9], [5, 7, 9], [5, 7, 8, 9], [2, 3, 5, 6, 9], [2, 3, 5, 8, 9], [2, 3, 6, 8, 9]]]
2 3 [3, 9]
assigning  3  to  3
noo changes
[[[4], [1], [7], [3], [2, 6, 9], [2, 6, 9], [8], [2, 9], [5]], [[2, 6, 8, 9], [3], [2, 5, 6, 8, 9], [1, 4, 5, 8, 9], [2, 4, 5, 6, 9], [1, 2, 4, 5, 6, 8, 9], [1, 2, 6, 7, 9], [1, 2, 4, 9], [1, 2, 4, 6, 7, 9]], [[2, 6, 8, 9], [5, 6, 8, 9], [2, 5, 6, 8, 9], [7], [2, 4, 5, 6, 9], [1, 2, 4, 5, 6, 8, 9], [1, 2, 3, 6, 9], [1, 2, 3, 4, 9], [1, 2, 3, 4, 6, 9]], [[3, 7, 8, 9], [2], [1, 3, 5, 8, 9], [4, 5, 9], [3, 4, 5, 7, 9], [4, 5, 7, 9], [1, 3, 5, 7, 9], [6], [1, 3, 7, 8, 9]], [[3, 6, 7, 9], [5, 6, 7, 9], [1, 3, 5, 6, 9], [5, 9], [8], [2, 5, 6, 7, 9], [4], [1, 2, 3, 5, 9], [1, 2, 3, 7, 9]], [[3, 6, 7, 8, 9], [4], [3, 5, 6, 8, 9], [5, 9], [1], [2, 5, 6, 7, 9], [2, 3, 5, 7, 9], [2, 3, 5, 8, 9], [2, 3, 7, 8, 9]], [[2, 8, 9], [8, 9], [2, 8, 9], [6], [4, 5, 9], [3], [1, 2, 5, 9], [7], [1, 2, 4, 8, 9]], [[5], [6, 7, 8, 9], [3, 6, 8, 9], [2], [4, 7, 9], [1, 4, 7, 8, 9], [1, 3, 6, 9], [1, 3, 4, 8, 9], [1, 3, 4, 6, 8, 9]], [[1], [6, 7, 8, 9], [4], [5, 8, 9], [5, 7, 9], [5, 7, 8, 9], [2, 3, 5, 6, 9], [2, 3, 5, 8, 9], [2, 3, 6, 8, 9]]]
2 7 [2, 9]
assigning  2  to  7
noo changes
[[[4], [1], [7], [3], [6, 9], [6, 9], [8], [2], [5]], [[2, 6, 8, 9], [3], [2, 5, 6, 8, 9], [1], [2, 4, 5, 6, 9], [2, 4, 5, 6, 8, 9], [6, 7, 9], [4, 9], [4, 6, 7, 9]], [[2, 6, 8, 9], [5, 6, 8, 9], [2, 5, 6, 8, 9], [7], [2, 4, 5, 6, 9], [2, 4, 5, 6, 8, 9], [1, 3, 6, 9], [1, 3, 4, 9], [1, 3, 4, 6, 9]], [[3, 7, 8, 9], [2], [1, 3, 5, 8, 9], [4, 5, 9], [3, 4, 5, 7, 9], [4, 5, 7, 9], [1, 3, 5, 7, 9], [6], [1, 3, 7, 8, 9]], [[3, 6, 7, 9], [5, 6, 7, 9], [1, 3, 5, 6, 9], [5, 9], [8], [2, 5, 6, 7, 9], [4], [1, 3, 5, 9], [1, 2, 3, 7, 9]], [[3, 6, 7, 8, 9], [4], [3, 5, 6, 8, 9], [5, 9], [1], [2, 5, 6, 7, 9], [2, 3, 5, 7, 9], [3, 5, 8, 9], [2, 3, 7, 8, 9]], [[2, 8, 9], [8, 9], [2, 8, 9], [6], [4, 5, 9], [3], [1, 2, 5, 9], [7], [1, 2, 4, 8, 9]], [[5], [6, 7, 8, 9], [3, 6, 8, 9], [2], [4, 7, 9], [1, 4, 7, 8, 9], [1, 3, 6, 9], [1, 3, 4, 8, 9], [1, 3, 4, 6, 8, 9]], [[1], [6, 7, 8, 9], [4], [5, 8, 9], [5, 7, 9], [5, 7, 8, 9], [2, 3, 5, 6, 9], [3, 5, 8, 9], [2, 3, 6, 8, 9]]]
2 4 [6, 9]
assigning  6  to  4
noo changes
[[[4], [1], [7], [3], [6], [9], [8], [2], [5]], [[2, 6, 8, 9], [3], [2, 5, 6, 8, 9], [1], [2, 4, 5], [2, 4, 5, 8], [6, 7, 9], [4, 9], [4, 6, 7, 9]], [[2, 6, 8, 9], [5, 6, 8, 9], [2, 5, 6, 8, 9], [7], [2, 4, 5], [2, 4, 5, 8], [1, 3, 6, 9], [1, 3, 4, 9], [1, 3, 4, 6, 9]], [[3, 7, 8, 9], [2], [1, 3, 5, 8, 9], [4], [3, 5, 7, 9], [5, 7], [1, 3, 5, 7, 9], [6], [1, 3, 7, 8, 9]], [[3, 6, 7, 9], [5, 6, 7, 9], [1, 3, 5, 6, 9], [5, 9], [8], [2, 5, 6, 7], [4], [1, 3, 5, 9], [1, 2, 3, 7, 9]], [[3, 6, 7, 8, 9], [4], [3, 5, 6, 8, 9], [5, 9], [1], [2, 5, 6, 7], [2, 3, 5, 7, 9], [3, 5, 8, 9], [2, 3, 7, 8, 9]], [[2, 8, 9], [8, 9], [2, 8, 9], [6], [4, 5, 9], [3], [1, 2, 5, 9], [7], [1, 2, 4, 8, 9]], [[5], [6, 7, 8, 9], [3, 6, 8, 9], [2], [4, 7, 9], [1, 4, 7, 8], [1, 3, 6, 9], [1, 3, 4, 8, 9], [1, 3, 4, 6, 8, 9]], [[1], [6, 7, 8, 9], [4], [5, 8, 9], [5, 7, 9], [5, 7, 8], [2, 3, 5, 6, 9], [3, 5, 8, 9], [2, 3, 6, 8, 9]]]
2 16 [4, 9]
assigning  4  to  16
noo changes
[[[4], [1], [7], [3], [6], [9], [8], [2], [5]], [[2, 6, 8, 9], [3], [2, 5, 6, 8, 9], [1], [2, 5], [2, 5, 8], [6, 7, 9], [4], [6, 7, 9]], [[2, 6, 8, 9], [5, 6, 8, 9], [2, 5, 6, 8, 9], [7], [2, 4, 5], [2, 4, 5, 8], [1, 3, 6, 9], [1, 3, 9], [1, 3, 6, 9]], [[3, 7, 8, 9], [2], [1, 3, 5, 8, 9], [4], [3, 5, 7, 9], [5, 7], [1, 3, 5, 7, 9], [6], [1, 3, 7, 8, 9]], [[3, 6, 7, 9], [5, 6, 7, 9], [1, 3, 5, 6, 9], [5, 9], [8], [2, 5, 6, 7], [4], [1, 3, 5, 9], [1, 2, 3, 7, 9]], [[3, 6, 7, 8, 9], [4], [3, 5, 6, 8, 9], [5, 9], [1], [2, 5, 6, 7], [2, 3, 5, 7, 9], [3, 5, 8, 9], [2, 3, 7, 8, 9]], [[2, 8, 9], [8, 9], [2, 8, 9], [6], [4, 5, 9], [3], [1, 2, 5, 9], [7], [1, 2, 4, 8, 9]], [[5], [6, 7, 8, 9], [3, 6, 8, 9], [2], [4, 7, 9], [1, 4, 7], [1, 3, 6, 9], [1, 3, 8, 9], [1, 3, 4, 6, 8, 9]], [[1], [6, 7, 9], [4], [8], [5, 7, 9], [5, 7], [2, 3, 5, 6, 9], [3, 5, 9], [2, 3, 6, 9]]]
2 13 [2, 5]
assigning  2  to  13
noo changes
[[[4], [1], [7], [3], [6], [9], [8], [2], [5]], [[6, 8, 9], [3], [5, 6, 8, 9], [1], [2], [5, 8], [6, 7, 9], [4], [6, 7, 9]], [[2, 6, 8, 9], [5, 6, 8, 9], [2, 5, 6, 8, 9], [7], [4, 5], [4, 5, 8], [1, 3, 6, 9], [1, 3, 9], [1, 3, 6, 9]], [[7, 8, 9], [2], [1, 5, 8, 9], [4], [3], [5, 7], [1, 5, 7, 9], [6], [1, 7, 8, 9]], [[3, 6, 7, 9], [5, 6, 7, 9], [1, 3, 5, 6, 9], [5, 9], [8], [2, 5, 6, 7], [4], [1, 3, 5, 9], [1, 2, 3, 7, 9]], [[3, 6, 7, 8, 9], [4], [3, 5, 6, 8, 9], [5, 9], [1], [2, 5, 6, 7], [2, 3, 5, 7, 9], [3, 5, 8, 9], [2, 3, 7, 8, 9]], [[2, 8, 9], [8, 9], [2, 8, 9], [6], [4, 5, 9], [3], [1, 2, 5, 9], [7], [1, 2, 4, 8, 9]], [[5], [6, 7, 8, 9], [3, 6, 8, 9], [2], [4, 7, 9], [1, 4, 7], [1, 3, 6, 9], [1, 3, 8, 9], [1, 3, 4, 6, 8, 9]], [[1], [6, 7, 9], [4], [8], [5, 7, 9], [5, 7], [2, 3, 5, 6, 9], [3, 5, 9], [2, 3, 6, 9]]]
2 14 [5, 8]
assigning  5  to  14
a contradiction found in upper one  8 5 []
[[[4], [1], [7], [3], [6], [9], [8], [2], [5]], [[6, 8, 9], [3], [6, 8, 9], [1], [2], [5], [6, 7, 9], [4], [6, 7, 9]], [[2, 6, 9], [5, 6, 9], [2, 5, 6, 9], [7], [4], [8], [1, 3, 6, 9], [1, 3, 9], [1, 3, 6, 9]], [[8, 9], [2], [1, 5, 8, 9], [4], [3], [7], [1, 5, 9], [6], [1, 8, 9]], [[3, 6, 7, 9], [5, 6, 7, 9], [1, 3, 5, 6, 9], [5, 9], [8], [2, 6], [4], [1, 3, 5, 9], [1, 2, 3, 7, 9]], [[3, 6, 7, 8, 9], [4], [3, 5, 6, 8, 9], [5, 9], [1], [2, 6], [2, 3, 5, 7, 9], [3, 5, 8, 9], [2, 3, 7, 8, 9]], [[2, 8, 9], [8, 9], [2, 8, 9], [6], [5, 9], [3], [1, 2, 5, 9], [7], [1, 2, 4, 8, 9]], [[5], [6, 7, 8, 9], [3, 6, 8, 9], [2], [7, 9], [1, 4], [1, 3, 6, 9], [1, 3, 8, 9], [1, 3, 4, 6, 8, 9]], [[1], [6, 7, 9], [4], [8], [5, 7, 9], [], [2, 3, 5, 6, 9], [3, 5, 9], [2, 3, 6, 9]]]
end of grid
grid is false while assigning  5  to  14
assigning  8  to  14
a contradiction found in upper one  8 5 []
[[[4], [1], [7], [3], [6], [9], [8], [2], [5]], [[6, 9], [3], [6, 9], [1], [2], [8], [6, 7, 9], [4], [6, 7, 9]], [[2, 6, 9], [5, 6, 9], [2, 5, 6, 9], [7], [4], [8], [1, 3, 6, 9], [1, 3, 9], [1, 3, 6, 9]], [[8, 9], [2], [1, 5, 8, 9], [4], [3], [7], [1, 5, 9], [6], [1, 8, 9]], [[3, 6, 7, 9], [5, 6, 7, 9], [1, 3, 5, 6, 9], [5, 9], [8], [2, 6], [4], [1, 3, 5, 9], [1, 2, 3, 7, 9]], [[3, 6, 7, 8, 9], [4], [3, 5, 6, 8, 9], [5, 9], [1], [2, 6], [2, 3, 5, 7, 9], [3, 5, 8, 9], [2, 3, 7, 8, 9]], [[2, 8, 9], [8, 9], [2, 8, 9], [6], [5, 9], [3], [1, 2, 5, 9], [7], [1, 2, 4, 8, 9]], [[5], [6, 7, 8, 9], [3, 6, 8, 9], [2], [7, 9], [1, 4], [1, 3, 6, 9], [1, 3, 8, 9], [1, 3, 4, 6, 8, 9]], [[1], [6, 7, 9], [4], [8], [5, 7, 9], [], [2, 3, 5, 6, 9], [3, 5, 9], [2, 3, 6, 9]]]
end of grid
grid is false while assigning  8  to  14
seq for  2 14 [8]  is  []
assigning  5  to  13
a contradiction found in upper one  6 0 []
[[[4], [1], [7], [3], [6], [9], [8], [2], [5]], [[6, 9], [3], [6, 9], [1], [5], [8], [6, 7, 9], [4], [6, 7, 9]], [[2, 6, 9], [5, 6, 9], [5, 6, 9], [7], [4], [8], [1, 3, 6, 9], [1, 3, 9], [1, 3, 6, 9]], [[8, 9], [2], [1, 5, 8, 9], [4], [3], [7], [1, 5, 9], [6], [1, 8, 9]], [[3, 6, 7, 9], [5, 6, 7, 9], [1, 3, 5, 6, 9], [5, 9], [8], [2, 6], [4], [1, 3, 5, 9], [1, 2, 3, 7, 9]], [[3, 6, 7, 8, 9], [4], [3, 5, 6, 8, 9], [5, 9], [1], [2, 6], [2, 3, 5, 7, 9], [3, 5, 8, 9], [2, 3, 7, 8, 9]], [[], [8], [2], [6], [9], [3], [1, 5], [7], [1, 4]], [[5], [6, 9], [3, 6, 9], [2], [7], [1, 4], [1, 3, 6, 9], [1, 3, 8, 9], [1, 3, 4, 6, 8, 9]], [[1], [6, 7, 9], [4], [8], [], [], [2, 3, 5, 6, 9], [3, 5, 9], [2, 3, 6, 9]]]
end of grid
grid is false while assigning  5  to  13
seq for  2 13 [5]  is  []
assigning  9  to  16
a contradiction found in upper one  1 2 []
[[[4], [1], [7], [3], [6], [9], [8], [2], [5]], [[6], [3], [], [1], [5], [8], [7], [9], []], [[2, 9], [5, 9], [5, 9], [7], [4], [8], [1, 3, 6], [1, 3], [1, 3, 6]], [[8, 9], [2], [1, 5, 8, 9], [4], [3], [7], [1, 5, 9], [6], [1, 8, 9]], [[3, 7, 9], [5, 6, 7, 9], [1, 3, 5, 6, 9], [5, 9], [8], [2, 6], [4], [1, 3, 5], [1, 2, 3, 7, 9]], [[3, 7, 8, 9], [4], [3, 5, 6, 8, 9], [5, 9], [1], [2, 6], [2, 3, 5, 9], [3, 5, 8], [2, 3, 7, 8, 9]], [[], [8], [2], [6], [9], [3], [1, 5], [7], [1, 4]], [[5], [6, 9], [3, 6, 9], [2], [7], [1, 4], [1, 3, 6, 9], [1, 3, 8], [1, 3, 4, 6, 8, 9]], [[1], [6, 7, 9], [4], [8], [], [], [2, 3, 5, 6, 9], [3, 5], [2, 3, 6, 9]]]
end of grid
grid is false while assigning  9  to  16
seq for  2 16 [9]  is  []
assigning  9  to  4
a contradiction found in upper one  1 2 []
[[[4], [1], [7], [3], [9], [9], [8], [2], [5]], [[6], [3], [], [1], [5], [8], [7], [9], []], [[2, 9], [5, 9], [5, 9], [7], [4], [8], [1, 3, 6], [1, 3], [1, 3, 6]], [[8, 9], [2], [1, 5, 8, 9], [4], [3], [7], [1, 5, 9], [6], [1, 8, 9]], [[3, 7, 9], [5, 6, 7, 9], [1, 3, 5, 6, 9], [5, 9], [8], [2, 6], [4], [1, 3, 5], [1, 2, 3, 7, 9]], [[3, 7, 8, 9], [4], [3, 5, 6, 8, 9], [5, 9], [1], [2, 6], [2, 3, 5, 9], [3, 5, 8], [2, 3, 7, 8, 9]], [[], [8], [2], [6], [9], [3], [1, 5], [7], [1, 4]], [[5], [6, 9], [3, 6, 9], [2], [7], [1, 4], [1, 3, 6, 9], [1, 3, 8], [1, 3, 4, 6, 8, 9]], [[1], [6, 7, 9], [4], [8], [], [], [2, 3, 5, 6, 9], [3, 5], [2, 3, 6, 9]]]
end of grid
grid is false while assigning  9  to  4
seq for  2 4 [9]  is  []
assigning  9  to  7
a contradiction found in upper one  1 2 []
[[[4], [1], [7], [3], [9], [9], [8], [9], [5]], [[6], [3], [], [1], [5], [8], [7], [9], []], [[2, 9], [5, 9], [5, 9], [7], [4], [8], [1, 3, 6], [1, 3], [1, 3, 6]], [[8, 9], [2], [1, 5, 8, 9], [4], [3], [7], [1, 5, 9], [6], [1, 8, 9]], [[3, 7, 9], [5, 6, 7, 9], [1, 3, 5, 6, 9], [5, 9], [8], [2, 6], [4], [1, 3, 5], [1, 2, 3, 7, 9]], [[3, 7, 8, 9], [4], [3, 5, 6, 8, 9], [5, 9], [1], [2, 6], [2, 3, 5, 9], [3, 5, 8], [2, 3, 7, 8, 9]], [[], [8], [2], [6], [9], [3], [1, 5], [7], [1, 4]], [[5], [6, 9], [3, 6, 9], [2], [7], [1, 4], [1, 3, 6, 9], [1, 3, 8], [1, 3, 4, 6, 8, 9]], [[1], [6, 7, 9], [4], [8], [], [], [2, 3, 5, 6, 9], [3, 5], [2, 3, 6, 9]]]
end of grid
grid is false while assigning  9  to  7
seq for  2 7 [9]  is  []
assigning  9  to  3
a contradiction found in upper one  1 2 []
[[[4], [1], [7], [9], [9], [9], [8], [9], [5]], [[6], [3], [], [1], [5], [8], [7], [9], []], [[2, 9], [5, 9], [5, 9], [7], [4], [8], [1, 3, 6], [1, 3], [1, 3, 6]], [[8, 9], [2], [1, 5, 8, 9], [4], [3], [7], [1, 5, 9], [6], [1, 8, 9]], [[3, 7, 9], [6, 7, 9], [1, 3, 6, 9], [5], [8], [2, 6], [4], [1, 3], [1, 2, 3, 7, 9]], [[3, 7, 8, 9], [4], [3, 5, 6, 8, 9], [], [1], [2, 6], [2, 3, 5, 9], [3, 5, 8], [2, 3, 7, 8, 9]], [[], [8], [2], [6], [9], [3], [1, 5], [7], [1, 4]], [[5], [6, 9], [3, 6, 9], [2], [7], [1, 4], [1, 3, 6, 9], [1, 3, 8], [1, 3, 4, 6, 8, 9]], [[1], [6, 7, 9], [4], [8], [], [], [2, 3, 5, 6, 9], [3, 5], [2, 3, 6, 9]]]
end of grid
grid is false while assigning  9  to  3
seq for  2 3 [9]  is  []
assigning  2  to  1
a contradiction found in upper one  1 2 []
[[[4], [2], [7], [9], [9], [9], [8], [9], [5]], [[6], [3], [], [1], [5], [8], [7], [9], []], [[9], [5], [], [7], [4], [8], [1, 3, 6], [1, 3], [1, 3, 6]], [[8], [2], [1, 5, 9], [4], [3], [7], [1, 5, 9], [6], [1, 9]], [[3, 7], [6, 7, 9], [1, 3, 6, 9], [5], [8], [2, 6], [4], [1, 3], [1, 2, 3, 7, 9]], [[3, 7], [4], [3, 5, 6, 9], [], [1], [2, 6], [2, 3, 5, 9], [3, 5, 8], [2, 3, 7, 8, 9]], [[], [8], [2], [6], [9], [3], [1, 5], [7], [1, 4]], [[5], [6, 9], [3, 6, 9], [2], [7], [1, 4], [1, 3, 6, 9], [1, 3, 8], [1, 3, 4, 6, 8, 9]], [[1], [6, 7, 9], [4], [8], [], [], [2, 3, 5, 6, 9], [3, 5], [2, 3, 6, 9]]]
end of grid
grid is false while assigning  2  to  1
assigning  3  to  1
a contradiction found in upper one  1 2 []
[[[4], [3], [7], [9], [9], [9], [8], [9], [5]], [[6], [3], [], [1], [5], [8], [7], [9], []], [[9], [5], [], [7], [4], [8], [1, 3, 6], [1, 3], [1, 3, 6]], [[8], [2], [1, 5, 9], [4], [3], [7], [1, 5, 9], [6], [1, 9]], [[3, 7], [6, 7, 9], [1, 3, 6, 9], [5], [8], [2, 6], [4], [1, 3], [1, 2, 3, 7, 9]], [[3, 7], [4], [3, 5, 6, 9], [], [1], [2, 6], [2, 3, 5, 9], [3, 5, 8], [2, 3, 7, 8, 9]], [[], [8], [2], [6], [9], [3], [1, 5], [7], [1, 4]], [[5], [6, 9], [3, 6, 9], [2], [7], [1, 4], [1, 3, 6, 9], [1, 3, 8], [1, 3, 4, 6, 8, 9]], [[1], [6, 7, 9], [4], [8], [], [], [2, 3, 5, 6, 9], [3, 5], [2, 3, 6, 9]]]
end of grid
grid is false while assigning  3  to  1
assigning  4  to  1
a contradiction found in upper one  1 2 []
[[[4], [4], [7], [9], [9], [9], [8], [9], [5]], [[6], [3], [], [1], [5], [8], [7], [9], []], [[9], [5], [], [7], [4], [8], [1, 3, 6], [1, 3], [1, 3, 6]], [[8], [2], [1, 5, 9], [4], [3], [7], [1, 5, 9], [6], [1, 9]], [[3, 7], [6, 7, 9], [1, 3, 6, 9], [5], [8], [2, 6], [4], [1, 3], [1, 2, 3, 7, 9]], [[3, 7], [4], [3, 5, 6, 9], [], [1], [2, 6], [2, 3, 5, 9], [3, 5, 8], [2, 3, 7, 8, 9]], [[], [8], [2], [6], [9], [3], [1, 5], [7], [1, 4]], [[5], [6, 9], [3, 6, 9], [2], [7], [1, 4], [1, 3, 6, 9], [1, 3, 8], [1, 3, 4, 6, 8, 9]], [[1], [6, 7, 9], [4], [8], [], [], [2, 3, 5, 6, 9], [3, 5], [2, 3, 6, 9]]]
end of grid
grid is false while assigning  4  to  1
assigning  5  to  1
a contradiction found in upper one  1 2 []
[[[4], [5], [7], [9], [9], [9], [8], [9], [5]], [[6], [3], [], [1], [5], [8], [7], [9], []], [[9], [5], [], [7], [4], [8], [1, 3, 6], [1, 3], [1, 3, 6]], [[8], [2], [1, 5, 9], [4], [3], [7], [1, 5, 9], [6], [1, 9]], [[3, 7], [6, 7, 9], [1, 3, 6, 9], [5], [8], [2, 6], [4], [1, 3], [1, 2, 3, 7, 9]], [[3, 7], [4], [3, 5, 6, 9], [], [1], [2, 6], [2, 3, 5, 9], [3, 5, 8], [2, 3, 7, 8, 9]], [[], [8], [2], [6], [9], [3], [1, 5], [7], [1, 4]], [[5], [6, 9], [3, 6, 9], [2], [7], [1, 4], [1, 3, 6, 9], [1, 3, 8], [1, 3, 4, 6, 8, 9]], [[1], [6, 7, 9], [4], [8], [], [], [2, 3, 5, 6, 9], [3, 5], [2, 3, 6, 9]]]
end of grid
grid is false while assigning  5  to  1
assigning  6  to  1
a contradiction found in upper one  1 2 []
[[[4], [6], [7], [9], [9], [9], [8], [9], [5]], [[6], [3], [], [1], [5], [8], [7], [9], []], [[9], [5], [], [7], [4], [8], [1, 3, 6], [1, 3], [1, 3, 6]], [[8], [2], [1, 5, 9], [4], [3], [7], [1, 5, 9], [6], [1, 9]], [[3, 7], [], [1, 3, 6, 9], [5], [8], [2, 6], [4], [1, 3], [1, 2, 3, 7, 9]], [[3, 7], [4], [3, 5, 6, 9], [], [1], [2, 6], [2, 3, 5, 9], [3, 5, 8], [2, 3, 7, 8, 9]], [[], [8], [2], [6], [9], [3], [1, 5], [7], [1, 4]], [[5], [9], [3, 6], [2], [7], [1, 4], [1, 3, 6], [1, 3, 8], [1, 3, 4, 6, 8]], [[1], [7], [4], [8], [], [], [2, 3, 5, 6, 9], [3, 5], [2, 3, 6, 9]]]
end of grid
grid is false while assigning  6  to  1
assigning  7  to  1
a contradiction found in upper one  1 2 []
[[[4], [7], [7], [9], [9], [9], [8], [9], [5]], [[6], [3], [], [1], [5], [8], [7], [9], []], [[9], [5], [], [7], [4], [8], [1, 3, 6], [1, 3], [1, 3, 6]], [[8], [2], [1, 5, 9], [4], [3], [7], [1, 5, 9], [6], [1, 9]], [[3, 7], [], [1, 3, 6, 9], [5], [8], [2, 6], [4], [1, 3], [1, 2, 3, 7, 9]], [[3, 7], [4], [3, 5, 6, 9], [], [1], [2, 6], [2, 3, 5, 9], [3, 5, 8], [2, 3, 7, 8, 9]], [[], [8], [2], [6], [9], [3], [1, 5], [7], [1, 4]], [[5], [9], [3, 6], [2], [7], [1, 4], [1, 3, 6], [1, 3, 8], [1, 3, 4, 6, 8]], [[1], [7], [4], [8], [], [], [2, 3, 5, 6, 9], [3, 5], [2, 3, 6, 9]]]
end of grid
grid is false while assigning  7  to  1
assigning  8  to  1
a contradiction found in upper one  1 2 []
[[[4], [8], [7], [9], [9], [9], [8], [9], [5]], [[6], [3], [], [1], [5], [8], [7], [9], []], [[9], [5], [], [7], [4], [8], [1, 3, 6], [1, 3], [1, 3, 6]], [[8], [2], [1, 5, 9], [4], [3], [7], [1, 5, 9], [6], [1, 9]], [[3, 7], [], [1, 3, 6, 9], [5], [8], [2, 6], [4], [1, 3], [1, 2, 3, 7, 9]], [[3, 7], [4], [3, 5, 6, 9], [], [1], [2, 6], [2, 3, 5, 9], [3, 5, 8], [2, 3, 7, 8, 9]], [[], [8], [2], [6], [9], [3], [1, 5], [7], [1, 4]], [[5], [9], [3, 6], [2], [7], [1, 4], [1, 3, 6], [1, 3, 8], [1, 3, 4, 6, 8]], [[1], [7], [4], [8], [], [], [2, 3, 5, 6, 9], [3, 5], [2, 3, 6, 9]]]
end of grid
grid is false while assigning  8  to  1
assigning  9  to  1
a contradiction found in upper one  1 2 []
[[[4], [9], [7], [9], [9], [9], [8], [9], [5]], [[6], [3], [], [1], [5], [8], [7], [9], []], [[9], [5], [], [7], [4], [8], [1, 3, 6], [1, 3], [1, 3, 6]], [[8], [2], [1, 5, 9], [4], [3], [7], [1, 5, 9], [6], [1, 9]], [[3, 7], [], [1, 3, 6, 9], [5], [8], [2, 6], [4], [1, 3], [1, 2, 3, 7, 9]], [[3, 7], [4], [3, 5, 6, 9], [], [1], [2, 6], [2, 3, 5, 9], [3, 5, 8], [2, 3, 7, 8, 9]], [[], [8], [2], [6], [9], [3], [1, 5], [7], [1, 4]], [[5], [9], [3, 6], [2], [7], [1, 4], [1, 3, 6], [1, 3, 8], [1, 3, 4, 6, 8]], [[1], [7], [4], [8], [], [], [2, 3, 5, 6, 9], [3, 5], [2, 3, 6, 9]]]
end of grid
grid is false while assigning  9  to  1
seq for  9 1 [9]  is  []
[4] [9] [7] [9] [9] [9] [8] [9] [5]
[6] [3] [] [1] [5] [8] [7] [9] []
[9] [5] [] [7] [4] [8] [1, 3, 6] [1, 3] [1, 3, 6]
[8] [2] [1, 5, 9] [4] [3] [7] [1, 5, 9] [6] [1, 9]
[3, 7] [] [1, 3, 6, 9] [5] [8] [2, 6] [4] [1, 3] [1, 2, 3, 7, 9]
[3, 7] [4] [3, 5, 6, 9] [] [1] [2, 6] [2, 3, 5, 9] [3, 5, 8] [2, 3, 7, 8, 9]
[] [8] [2] [6] [9] [3] [1, 5] [7] [1, 4]
[5] [9] [3, 6] [2] [7] [1, 4] [1, 3, 6] [1, 3, 8] [1, 3, 4, 6, 8]
[1] [7] [4] [8] [] [] [2, 3, 5, 6, 9] [3, 5] [2, 3, 6, 9]
